{"nbformat":4,"nbformat_minor":0,"metadata":{"colab":{"provenance":[],"mount_file_id":"1k06DKa0OEyZOySci5eqL4NGLSwYF6rHa","authorship_tag":"ABX9TyMZF6OB3M8o4x0DPZfzQEMy"},"kernelspec":{"name":"python3","display_name":"Python 3"},"language_info":{"name":"python"}},"cells":[{"cell_type":"code","execution_count":2,"metadata":{"colab":{"base_uri":"https://localhost:8080/"},"id":"OUH1jDOEztKs","executionInfo":{"status":"ok","timestamp":1666627552560,"user_tz":-120,"elapsed":575,"user":{"displayName":"Robert Grzesiak","userId":"15661466226176461830"}},"outputId":"fca66e42-5a86-48a7-9334-b93e61a286df"},"outputs":[{"output_type":"stream","name":"stdout","text":["Mean height:         179.73809523809524\n","Standard deviation:  6.931843442745892\n","Maximum height:      193\n","Minimum height:      163\n","25th percentile:     174.25\n","75th percentile:     183.0\n","Median:              182.0\n"]}],"source":["import numpy as np\n","import pandas as pd\n","data = pd.read_csv('drive/MyDrive/president_heights.csv')\n","heights = np.array(data['height(cm)'])\n","\n","print(\"Mean height:        \", np.mean(heights))\n","print(\"Standard deviation: \", np.std(heights))\n","print(\"Maximum height:     \", np.max(heights))\n","print(\"Minimum height:     \", np.min(heights))\n","print(\"25th percentile:    \", np.percentile(heights, 25))\n","print(\"75th percentile:    \", np.percentile(heights, 75))\n","print(\"Median:             \", np.median(heights))"]},{"cell_type":"code","source":["data = np.genfromtxt(\"drive/MyDrive/Zadanie_2.csv\", delimiter = \";\")\n","print(data)\n","\n","print(\"Inverse matrix:\\n\", np.linalg.inv(data))\n","\n","val,vec = np.linalg.eig(data)\n","print(\"Eigenvalues:\\n\", val)\n","print(\"Eigenvectors:\\n\", vec)"],"metadata":{"colab":{"base_uri":"https://localhost:8080/"},"id":"O8PWdbrX70Bf","executionInfo":{"status":"ok","timestamp":1666627577301,"user_tz":-120,"elapsed":655,"user":{"displayName":"Robert Grzesiak","userId":"15661466226176461830"}},"outputId":"f6970067-ca86-40c9-851a-37a01b2d0a32"},"execution_count":3,"outputs":[{"output_type":"stream","name":"stdout","text":["[[  1.   2.  15. -59.   9.   3.  75.   6.   7.   1.]\n"," [  0.   5.   0.   4.   6.  16.  44.   7.   1.   1.]\n"," [  7.  14.   3. -10.   9.  15.  73.   8.   2.   9.]\n"," [  1.   5.  15. -54.   5.  15.  35.   8.   6.   4.]\n"," [  0.   8.   5. -18.   7.  16.  91.   6.   7.   9.]\n"," [  7.  18.  23. -90.   4.   8.  31.   0.   1.   7.]\n"," [  2.   8.  20. -72.   4.   1.  91.   9.   4.   4.]\n"," [  4.  12.  18. -65.   6.   9.  76.   4.   9.   9.]\n"," [  7.  15.  13. -52.   5.   7.  54.   2.   7.   0.]\n"," [  2.   9.  15. -56.   6.   1.  98.   4.   8.   4.]]\n","Inverse matrix:\n"," [[ 0.47461371  0.13269253 -0.24726695 -0.82965177  0.28250384 -0.17012825\n","   0.58274426  0.83686705  0.4146721  -1.56942847]\n"," [-0.38032531 -0.11226789  0.23216372  0.58853747 -0.2508954   0.10174485\n","  -0.40729564 -0.58325689 -0.2335154   1.11832726]\n"," [ 0.13559662  0.58950334 -0.24709855 -0.58789838 -0.30170699 -0.12721938\n","   0.23740295  1.01003036 -0.02151387 -0.64590149]\n"," [ 0.01425207  0.14570726 -0.04557569 -0.12721972 -0.08945184 -0.03756624\n","   0.03910376  0.23606066 -0.01436771 -0.11345749]\n"," [-0.09473246  0.01725249  0.19145597  0.32960274 -0.28626296  0.08348529\n","  -0.37577603 -0.27295934 -0.25855803  0.74691827]\n"," [ 0.16387032  0.10075684 -0.15404907 -0.29794662  0.16916877 -0.02827782\n","   0.20469921  0.28036265  0.15086178 -0.5882585 ]\n"," [ 0.04288003  0.02246462 -0.0366803  -0.09024915  0.04322146 -0.01047861\n","   0.06167348  0.07009721  0.0367806  -0.14185925]\n"," [-0.26858433 -0.21167346  0.25168367  0.55607234 -0.16804333  0.01066975\n","  -0.22435849 -0.52957038 -0.15757224  0.77302113]\n"," [-0.15583541 -0.13041404  0.0984558   0.3150966  -0.09916278 -0.04426337\n","  -0.20832614 -0.18404388 -0.04309498  0.45794224]\n"," [-0.05970783 -0.11342903  0.09122544  0.11908074 -0.00311646  0.02370807\n","  -0.07526552 -0.06924544 -0.10963836  0.16553689]]\n","Eigenvalues:\n"," [104.34960192 +0.j         -23.35660516+18.84992811j\n"," -23.35660516-18.84992811j  15.92989017 +0.j\n","  -4.99456452 +0.j           0.35205717 +5.80125175j\n","   0.35205717 -5.80125175j  -1.03383491 +0.j\n","   3.87900166 +1.42651533j   3.87900166 -1.42651533j]\n","Eigenvectors:\n"," [[-0.29000475+0.j         -0.07545445+0.07743149j -0.07545445-0.07743149j\n","  -0.03544485+0.j          0.42681634+0.j         -0.22172831-0.29869259j\n","  -0.22172831+0.29869259j  0.41343726+0.j         -0.28670255+0.21891569j\n","  -0.28670255-0.21891569j]\n"," [-0.24163153+0.j          0.41229621+0.09197324j  0.41229621-0.09197324j\n","   0.45873475+0.j         -0.27056206+0.j         -0.01331344+0.1422557j\n","  -0.01331344-0.1422557j  -0.31591047+0.j          0.41954481-0.10561864j\n","   0.41954481+0.10561864j]\n"," [-0.41060573+0.j          0.37509638-0.00960818j  0.37509638+0.00960818j\n","   0.64067986+0.j         -0.37967609+0.j         -0.60525232+0.j\n","  -0.60525232-0.j          0.6457768 +0.j          0.63631555+0.j\n","   0.63631555-0.j        ]\n"," [-0.18899971+0.j         -0.05624951+0.174848j   -0.05624951-0.174848j\n","   0.25174536+0.j         -0.07625465+0.j         -0.14870016-0.00795735j\n","  -0.14870016+0.00795735j  0.15206852+0.j          0.21373907+0.00228636j\n","   0.21373907-0.00228636j]\n"," [-0.42862199+0.j          0.47707538+0.14580554j  0.47707538-0.14580554j\n","   0.39445834+0.j         -0.69542141+0.j          0.07336021-0.43070469j\n","   0.07336021+0.43070469j -0.25948775+0.j          0.20250102-0.00411374j\n","   0.20250102+0.00411374j]\n"," [-0.14730562+0.j         -0.57352911+0.j         -0.57352911-0.j\n","   0.10071325+0.j          0.30158403+0.j         -0.04758838+0.12911829j\n","  -0.04758838-0.12911829j  0.21274791+0.j         -0.1503483 +0.03452906j\n","  -0.1503483 -0.03452906j]\n"," [-0.34660607+0.j         -0.13987374+0.06837303j -0.13987374-0.06837303j\n","  -0.04800705+0.j          0.06798106+0.j          0.00512204+0.04215641j\n","   0.00512204-0.04215641j  0.05365357+0.j         -0.0534517 +0.00550802j\n","  -0.0534517 -0.00550802j]\n"," [-0.34919853+0.j         -0.08414467+0.07749664j -0.08414467-0.07749664j\n","   0.25925893+0.j         -0.10039982+0.j         -0.06761437-0.25584347j\n","  -0.06761437+0.25584347j -0.38214447+0.j          0.29485109-0.01300678j\n","   0.29485109+0.01300678j]\n"," [-0.2440048 +0.j         -0.13777908+0.00402196j -0.13777908-0.00402196j\n","   0.27709282+0.j         -0.00524365+0.j          0.21866893+0.04463336j\n","   0.21866893-0.04463336j -0.12045798+0.j          0.27558332+0.02285482j\n","   0.27558332-0.02285482j]\n"," [-0.38231403+0.j         -0.00476199+0.03456836j -0.00476199-0.03456836j\n","   0.04918165+0.j          0.07322815+0.j          0.1819345 -0.29687727j\n","   0.1819345 +0.29687727j -0.11445044+0.j          0.02830199+0.00579727j\n","   0.02830199-0.00579727j]]\n"]}]},{"cell_type":"code","source":["rainfall = pd.read_csv('drive/MyDrive/Seattle2014.csv')['PRCP'].values\n","inches = rainfall / 254.0  # 1/10mm -> inches\n","inches.shape\n","\n","rainy = np.count_nonzero(inches)\n","print(\"Rainy days:     \", rainy)\n","print(\"Non rainy days: \", inches.size - rainy)\n","print(\"Days above 0.5 inch of rain: \", np.count_nonzero(inches > 0.5))\n","print(\"Days below 0.2 inch of rain: \", np.count_nonzero(inches < 0.2))"],"metadata":{"colab":{"base_uri":"https://localhost:8080/"},"id":"DDpRzyJSAxGf","executionInfo":{"status":"ok","timestamp":1666627979565,"user_tz":-120,"elapsed":210,"user":{"displayName":"Robert Grzesiak","userId":"15661466226176461830"}},"outputId":"9c0a65ea-fd33-4a59-d5e0-ffcfc80b394c"},"execution_count":6,"outputs":[{"output_type":"stream","name":"stdout","text":["Rainy days:      150\n","Non rainy days:  215\n","Days above 0.5 inch of rain:  37\n","Days below 0.2 inch of rain:  290\n"]}]},{"cell_type":"code","source":["masked_rainy = np.ma.array(inches, mask=(inches <= 0))\n","print(\"Median precip on rainy days in 2014 (inches):   \", np.ma.median(masked_rainy)) \n","\n","masked_summer = np.ma.array(inches, mask = False)\n","m1 = (inches == 0)\n","m2 = np.ma.make_mask_none(m1.shape)\n","m2.fill(True)\n","m2[172:262] = False\n","masked_summer.mask = np.ma.mask_or(m1,m2)\n","print(\"Median precip on summer days in 2014 (inches):  \", np.ma.median(masked_summer))\n","print(\"Maximum precip on summer days in 2014 (inches): \", np.ma.max(masked_summer)) \n","\n","masked_no_summer = np.ma.array(masked_rainy, copy=True)\n","masked_no_summer.mask[172:262] = True\n","print(\"Median precip on non-summer rainy days (inches):\", np.ma.median(masked_no_summer)) "],"metadata":{"colab":{"base_uri":"https://localhost:8080/"},"id":"8NC-hpT7yR2-","executionInfo":{"status":"ok","timestamp":1666631249698,"user_tz":-120,"elapsed":251,"user":{"displayName":"Robert Grzesiak","userId":"15661466226176461830"}},"outputId":"365d045a-2a13-4392-e7f9-d78a4b17eedd"},"execution_count":28,"outputs":[{"output_type":"stream","name":"stdout","text":["Median precip on rainy days in 2014 (inches):    0.19488188976377951\n","Median precip on summer days in 2014 (inches):   0.0610236220472441\n","Maximum precip on summer days in 2014 (inches):  0.8503937007874016\n","Median precip on non-summer rainy days (inches): 0.20078740157480315\n"]}]},{"cell_type":"code","source":["a = [0,3,2,5]\n","b = [0,3,1,4]\n","\n","print(np.add(a,b))\n","print(np.subtract(a,b))\n","print(np.multiply(a,4))\n","print(np.linalg.norm(b))"],"metadata":{"colab":{"base_uri":"https://localhost:8080/"},"id":"HEoB5AXR96Pb","executionInfo":{"status":"ok","timestamp":1666632540166,"user_tz":-120,"elapsed":2,"user":{"displayName":"Robert Grzesiak","userId":"15661466226176461830"}},"outputId":"30c9d3ef-d5bb-49ac-c4ce-e0bddf73a7c5"},"execution_count":38,"outputs":[{"output_type":"stream","name":"stdout","text":["[0 6 3 9]\n","[0 0 1 1]\n","[ 0 12  8 20]\n","5.0990195135927845\n"]}]}]}